446157
  -OEChem-02122417073D

 61 62  0     1  0  0  0  0  0999 V2000
    5.5683    0.9168    0.1218 S   0  0  0  0  0  0  0  0  0  0  0  0
    0.4111   -6.0149    0.0409 F   0  0  0  0  0  0  0  0  0  0  0  0
   -3.2499   -2.5146   -0.7373 O   0  0  0  0  0  0  0  0  0  0  0  0
   -4.3574    1.5652   -1.0610 O   0  0  0  0  0  0  0  0  0  0  0  0
    5.2075   -0.2799   -0.6161 O   0  0  0  0  0  0  0  0  0  0  0  0
    6.7262    0.9118    0.9960 O   0  0  0  0  0  0  0  0  0  0  0  0
   -7.2587    2.1576   -0.0074 O   0  0  0  0  0  0  0  0  0  0  0  0
   -7.2095    0.2023    1.1466 O   0  0  0  0  0  0  0  0  0  0  0  0
    2.0878    2.1144    0.0913 N   0  0  0  0  0  0  0  0  0  0  0  0
    4.1874    1.5045    0.9770 N   0  0  0  0  0  0  0  0  0  0  0  0
    2.6323   -0.1999    0.4848 N   0  0  0  0  0  0  0  0  0  0  0  0
   -0.0284    2.8140   -0.8079 C   0  0  0  0  0  0  0  0  0  0  0  0
    0.8818    1.7149   -0.3625 C   0  0  0  0  0  0  0  0  0  0  0  0
   -4.2231   -0.4948    0.1903 C   0  0  0  0  0  0  0  0  0  0  0  0
    0.4839    0.3948   -0.4227 C   0  0  0  0  0  0  0  0  0  0  0  0
   -3.1294   -1.0959   -0.7100 C   0  0  1  0  0  0  0  0  0  0  0  0
   -4.1918    1.0400    0.2538 C   0  0  2  0  0  0  0  0  0  0  0  0
    1.4094   -0.5284    0.0188 C   0  0  0  0  0  0  0  0  0  0  0  0
   -0.8458    0.0082   -0.9249 C   0  0  0  0  0  0  0  0  0  0  0  0
   -1.7613   -0.6798   -0.2229 C   0  0  0  0  0  0  0  0  0  0  0  0
    0.5457    3.6031   -1.9981 C   0  0  0  0  0  0  0  0  0  0  0  0
   -0.3868    3.7776    0.3375 C   0  0  0  0  0  0  0  0  0  0  0  0
   -5.2556    1.6258    1.1849 C   0  0  0  0  0  0  0  0  0  0  0  0
    2.9017    1.1195    0.4930 C   0  0  0  0  0  0  0  0  0  0  0  0
    1.1496   -1.9524    0.0247 C   0  0  0  0  0  0  0  0  0  0  0  0
    4.3045    2.8368    1.6373 C   0  0  0  0  0  0  0  0  0  0  0  0
    1.1882   -2.6634    1.2241 C   0  0  0  0  0  0  0  0  0  0  0  0
    0.8616   -2.6136   -1.1693 C   0  0  0  0  0  0  0  0  0  0  0  0
   -6.6640    1.2406    0.7954 C   0  0  0  0  0  0  0  0  0  0  0  0
    5.8134    2.2082   -1.0795 C   0  0  0  0  0  0  0  0  0  0  0  0
    0.9387   -4.0358    1.2296 C   0  0  0  0  0  0  0  0  0  0  0  0
    0.6122   -3.9860   -1.1639 C   0  0  0  0  0  0  0  0  0  0  0  0
    0.6506   -4.6970    0.0356 C   0  0  0  0  0  0  0  0  0  0  0  0
   -0.9890    2.4220   -1.1566 H   0  0  0  0  0  0  0  0  0  0  0  0
   -4.1477   -0.9166    1.2010 H   0  0  0  0  0  0  0  0  0  0  0  0
   -5.1853   -0.8383   -0.2103 H   0  0  0  0  0  0  0  0  0  0  0  0
   -3.2828   -0.7501   -1.7391 H   0  0  0  0  0  0  0  0  0  0  0  0
   -3.2154    1.3790    0.6173 H   0  0  0  0  0  0  0  0  0  0  0  0
   -1.0697    0.3079   -1.9457 H   0  0  0  0  0  0  0  0  0  0  0  0
   -1.5291   -0.9706    0.8007 H   0  0  0  0  0  0  0  0  0  0  0  0
    0.7602    2.9347   -2.8393 H   0  0  0  0  0  0  0  0  0  0  0  0
   -0.1670    4.3605   -2.3418 H   0  0  0  0  0  0  0  0  0  0  0  0
    1.4773    4.1140   -1.7305 H   0  0  0  0  0  0  0  0  0  0  0  0
   -1.1021    4.5347   -0.0016 H   0  0  0  0  0  0  0  0  0  0  0  0
   -0.8416    3.2341    1.1732 H   0  0  0  0  0  0  0  0  0  0  0  0
    0.4993    4.2975    0.7184 H   0  0  0  0  0  0  0  0  0  0  0  0
   -5.1961    2.7211    1.1912 H   0  0  0  0  0  0  0  0  0  0  0  0
   -5.0919    1.2988    2.2182 H   0  0  0  0  0  0  0  0  0  0  0  0
   -2.5255   -2.8622   -1.2854 H   0  0  0  0  0  0  0  0  0  0  0  0
   -4.3007    2.5340   -0.9994 H   0  0  0  0  0  0  0  0  0  0  0  0
    5.2854    2.9413    2.1101 H   0  0  0  0  0  0  0  0  0  0  0  0
    3.5531    2.9250    2.4291 H   0  0  0  0  0  0  0  0  0  0  0  0
    4.1634    3.6472    0.9164 H   0  0  0  0  0  0  0  0  0  0  0  0
    1.4065   -2.1648    2.1655 H   0  0  0  0  0  0  0  0  0  0  0  0
    0.8434   -2.0853   -2.1196 H   0  0  0  0  0  0  0  0  0  0  0  0
    6.6346    1.9043   -1.7329 H   0  0  0  0  0  0  0  0  0  0  0  0
    4.9018    2.3269   -1.6678 H   0  0  0  0  0  0  0  0  0  0  0  0
    6.0789    3.1350   -0.5689 H   0  0  0  0  0  0  0  0  0  0  0  0
    0.9673   -4.5896    2.1633 H   0  0  0  0  0  0  0  0  0  0  0  0
    0.3911   -4.5019   -2.0935 H   0  0  0  0  0  0  0  0  0  0  0  0
   -8.1674    1.8883   -0.2603 H   0  0  0  0  0  0  0  0  0  0  0  0
  1  5  2  0  0  0  0
  1  6  2  0  0  0  0
  1 10  1  0  0  0  0
  1 30  1  0  0  0  0
  2 33  1  0  0  0  0
  3 16  1  0  0  0  0
  3 49  1  0  0  0  0
  4 17  1  0  0  0  0
  4 50  1  0  0  0  0
  7 29  1  0  0  0  0
  7 61  1  0  0  0  0
  8 29  2  0  0  0  0
  9 13  2  0  0  0  0
  9 24  1  0  0  0  0
 10 24  1  0  0  0  0
 10 26  1  0  0  0  0
 11 18  1  0  0  0  0
 11 24  2  0  0  0  0
 12 13  1  0  0  0  0
 12 21  1  0  0  0  0
 12 22  1  0  0  0  0
 12 34  1  0  0  0  0
 13 15  1  0  0  0  0
 14 16  1  0  0  0  0
 14 17  1  0  0  0  0
 14 35  1  0  0  0  0
 14 36  1  0  0  0  0
 15 18  2  0  0  0  0
 15 19  1  0  0  0  0
 16 20  1  0  0  0  0
 16 37  1  0  0  0  0
 17 23  1  0  0  0  0
 17 38  1  0  0  0  0
 18 25  1  0  0  0  0
 19 20  2  0  0  0  0
 19 39  1  0  0  0  0
 20 40  1  0  0  0  0
 21 41  1  0  0  0  0
 21 42  1  0  0  0  0
 21 43  1  0  0  0  0
 22 44  1  0  0  0  0
 22 45  1  0  0  0  0
 22 46  1  0  0  0  0
 23 29  1  0  0  0  0
 23 47  1  0  0  0  0
 23 48  1  0  0  0  0
 25 27  2  0  0  0  0
 25 28  1  0  0  0  0
 26 51  1  0  0  0  0
 26 52  1  0  0  0  0
 26 53  1  0  0  0  0
 27 31  1  0  0  0  0
 27 54  1  0  0  0  0
 28 32  2  0  0  0  0
 28 55  1  0  0  0  0
 30 56  1  0  0  0  0
 30 57  1  0  0  0  0
 30 58  1  0  0  0  0
 31 33  2  0  0  0  0
 31 59  1  0  0  0  0
 32 33  1  0  0  0  0
 32 60  1  0  0  0  0
M  END
> <PUBCHEM_COMPOUND_CID>
446157

> <PUBCHEM_CONFORMER_RMSD>
1.2

> <PUBCHEM_CONFORMER_DIVERSEORDER>
1
7
46
26
21
19
39
13
22
23
40
2
34
18
42
14
44
37
12
31
48
36
24
47
30
29
3
10
41
16
35
4
20
27
38
43
25
11
45
32
15
17
33
9
8
5
28
6

> <PUBCHEM_MMFF94_PARTIAL_CHARGES>
38
1 1.33
10 -0.69
11 -0.62
12 0.14
13 0.17
15 0.03
16 0.42
17 0.28
18 0.31
19 -0.18
2 -0.19
20 -0.29
23 0.06
24 0.82
26 0.36
27 -0.15
28 -0.15
29 0.66
3 -0.68
30 0.11
31 -0.15
32 -0.15
33 0.19
39 0.15
4 -0.68
40 0.15
49 0.4
5 -0.65
50 0.4
54 0.15
55 0.15
59 0.15
6 -0.65
60 0.15
61 0.5
7 -0.65
8 -0.57
9 -0.62

> <PUBCHEM_EFFECTIVE_ROTOR_COUNT>
10

> <PUBCHEM_PHARMACOPHORE_FEATURES>
13
1 3 acceptor
1 3 donor
1 4 acceptor
1 4 donor
1 5 acceptor
1 6 acceptor
1 7 acceptor
1 8 acceptor
1 9 acceptor
3 12 21 22 hydrophobe
3 7 8 29 anion
6 25 27 28 31 32 33 rings
6 9 11 13 15 18 24 rings

> <PUBCHEM_HEAVY_ATOM_COUNT>
33

> <PUBCHEM_ATOM_DEF_STEREO_COUNT>
2

> <PUBCHEM_ATOM_UDEF_STEREO_COUNT>
0

> <PUBCHEM_BOND_DEF_STEREO_COUNT>
1

> <PUBCHEM_BOND_UDEF_STEREO_COUNT>
0

> <PUBCHEM_ISOTOPIC_ATOM_COUNT>
0

> <PUBCHEM_COMPONENT_COUNT>
1

> <PUBCHEM_CACTVS_TAUTO_COUNT>
3

> <PUBCHEM_CONFORMER_ID>
0006CECD00000007

> <PUBCHEM_MMFF94_ENERGY>
86.7314

> <PUBCHEM_FEATURE_SELFOVERLAP>
66.051

> <PUBCHEM_SHAPE_FINGERPRINT>
10190108 129 18264786371328962264
102385 1 17761776165637218056
10906281 52 18187941572446399753
1100329 8 17976530942712023630
11135926 11 18337381661155022365
11578080 2 17026553665133532790
13140716 1 18411689981017027778
13692114 37 18264774436200727643
13757389 114 18193004926935455908
14790565 3 18408886265327100404
14863182 85 18335148569844514180
15420108 30 18271231785927198455
19591789 44 18410001140284599870
20642791 178 18189344635230514349
20642791 35 18269561528742930287
20739085 24 18334860497898185308
21033648 29 18200584938274445176
21421861 104 18191303767118601219
21796203 349 16901909646632498834
22956985 138 17828762846723716354
3178227 256 18117002280761053499
3411729 13 18410858715935385971
38695281 34 18413108368128416090
5385378 56 18340774737079937913
57527306 92 16486967397711139056
79837 15 18194399124585343371
9658208 31 18270398438128744424

> <PUBCHEM_SHAPE_MULTIPOLES>
625.54
13.64
6.24
1.33
12.94
8.41
-0.06
-12.76
4.36
-2.04
-0.46
-0.37
-0.4
-0.32

> <PUBCHEM_SHAPE_SELFOVERLAP>
1290.51

> <PUBCHEM_SHAPE_VOLUME>
362.4

> <PUBCHEM_COORDINATE_TYPE>
2
5
10

$$$$
